 0.005157367  0.003759958  0.002710501  0.002124404  0.001751821  0.001511467  0.001329266  0.001182967 0.001036286  0.000938864  0.000851680  0.000782618  0.000791895  0.000767304 0.000761999  0.000719830 0.000687837  0.000656250  0.000659426  0.000617884
 0.002706887  0.001973945  0.001431685  0.001127987  0.000930927  0.000802175  0.000714129  0.000633636 0.000551881  0.000499299  0.000452031  0.000414198  0.000419170  0.000407006 0.000404004  0.000382712 0.000367709  0.000348878  0.000349890  0.000326742
 0.001515810  0.001105493  0.000796179  0.000630701  0.000522496  0.000452212  0.000407606  0.000361675 0.000314983  0.000286426  0.000259698  0.000238012  0.000238325  0.000231548 0.000230032  0.000218424 0.000211158  0.000200680  0.000200245  0.000185097
 0.000912975  0.000664715  0.000474043  0.000373841  0.000313794  0.000273725  0.000247485  0.000220978 0.000193946  0.000178049  0.000162697  0.000148571  0.000146267  0.000142023 0.000138247  0.000130187 0.000126956  0.000120703  0.000120562  0.000111317
 0.000603868  0.000437629  0.000309597  0.000242706  0.000204558  0.000180115  0.000160578  0.000143616 0.000127306  0.000120105  0.000110036  0.000101951  0.000097963  0.000093435 0.000089701  0.000084511 0.000082331  0.000078779  0.000079550  0.000073072
 0.000443529  0.000317958  0.000227235  0.000180473  0.000151121  0.000132818  0.000118591  0.000106251 0.000096143  0.000090962  0.000081638  0.000076727  0.000072457  0.000068539 0.000066209  0.000061641 0.000059826  0.000057757  0.000058175  0.000053287
 0.000351220  0.000245840  0.000175898  0.000140723  0.000118394  0.000103613  0.000092952  0.000085706 0.000076192  0.000072681  0.000065175  0.000060807  0.000056044  0.000052520 0.000050721  0.000047626 0.000046737  0.000045265  0.000044799  0.000040566
 0.000305539  0.000214457  0.000153949  0.000121964  0.000101487  0.000088388  0.000080843  0.000075093 0.000066367  0.000063094  0.000055558  0.000050786  0.000048163  0.000045340 0.000043822  0.000041126 0.000039987  0.000039759  0.000039145  0.000035801
 0.000288066  0.000206568  0.000149460  0.000116658  0.000095581  0.000083104  0.000075992  0.000069332 0.000061346  0.000058656  0.000051411  0.000047236  0.000046495  0.000044230  0.000042384  0.000039447 0.000037750  0.000037545  0.000037138  0.000033382
 0.000281778  0.000202751  0.000148115  0.000117459  0.000096136  0.000081536  0.000071713  0.000064994 0.000057384  0.000056281  0.000050751  0.000046156  0.000045350  0.000042973 0.000042014  0.000040233 0.000038656  0.000037881  0.000036922  0.000032732
 0.000255235  0.000185365  0.000133305  0.000105546  0.000086955  0.000075165  0.000065648  0.000059563 0.000051851  0.000051153  0.000045210  0.000040340  0.000039586  0.000037507 0.000036719  0.000035828 0.000034043  0.000033258  0.000032723  0.000029208
 0.000226840  0.000165239  0.000119358  0.000094796  0.000077920  0.000067801  0.000058886  0.000053843 0.000047103  0.000045036  0.000039368  0.000035124  0.000034196  0.000032179 0.000032583  0.000032495 0.000030774  0.000029644  0.000029434  0.000026107
 0.000200746  0.000145795  0.000104649  0.000081708  0.000065312  0.000056702  0.000050887  0.000046650 0.000040231  0.000038016  0.000033221  0.000029323  0.000028048  0.000025644 0.000026752  0.000027542 0.000026375  0.000025337  0.000025233  0.000022394
 0.000181931  0.000128790  0.000091958  0.000071706  0.000058154  0.000049817  0.000045214  0.000040836 0.000034532  0.000032237  0.000029673  0.000027218  0.000026408  0.000024214  0.000024624  0.000025136 0.000023746  0.000022841  0.000022840  0.000020585
 0.000170084  0.000120371  0.000088659  0.000070434  0.000058114  0.000048677  0.000043847  0.000038361 0.000032266  0.000030301  0.000028034  0.000025541  0.000024883  0.000023441  0.000023931  0.000024043 0.000022307  0.000021562  0.000021498  0.000019586
 0.000162391  0.000116088  0.000084693  0.000065347  0.000054949  0.000047265  0.000041836  0.000037578 0.000031624  0.000029698  0.000026560  0.000024621  0.000024404  0.000022909  0.000022855  0.000022610 0.000021529  0.000021156  0.000021353  0.000019183
 0.000151380  0.000106970  0.000076931  0.000058878  0.000049356  0.000042930  0.000037716  0.000034138 0.000028566  0.000027226  0.000024398  0.000022544  0.000022482  0.000020971  0.000020754  0.000020733 0.000020057  0.000019975  0.000019880  0.000017567
 0.000144092  0.000101032  0.000072038  0.000055873  0.000047512  0.000042127  0.000036698  0.000033181 0.000028658  0.000026400  0.000023974  0.000022024  0.000021923  0.000020233  0.000020201  0.000019857 0.000019485  0.000019562  0.000019716  0.000017607
 0.000133107  0.000094199  0.000067857  0.000052386  0.000044287  0.000039143  0.000034258  0.000030225 0.000026456  0.000024597  0.000023075  0.000021305  0.000021297  0.000019317  0.000019259  0.000018866 0.000017960  0.000017463  0.000018016  0.000016550
 0.000125617  0.000089323  0.000064536  0.000050387  0.000041514  0.000036946  0.000032611  0.000028633 0.000025956  0.000024213  0.000022681  0.000020731  0.000020302  0.000018331  0.000018639  0.000018530 0.000017673  0.000016952  0.000017179  0.000015964
