28.00        0.12929       0.004654
36.00        0.06798       0.002540
44.00        0.03810       0.001537
52.00        0.02227       0.000986
60.00        0.01330       0.000668
68.00        0.00800       0.000484
76.00        0.00472       0.000382
84.00        0.00304       0.000341
92.00        0.00344       0.000331
100.00        0.00445       0.000323
108.00        0.00337       0.000290
116.00        0.00129       0.000259
124.00       -0.00010       0.000235
132.00       -0.00073       0.000210
140.00       -0.00095       0.000194
148.00       -0.00097       0.000186
156.00       -0.00091       0.000179
164.00       -0.00081       0.000171
172.00       -0.00073       0.000163
180.00       -0.00064       0.000153
