28.00           -0.07412           0.002952
36.00           -0.05142           0.002219
44.00           -0.03718           0.001604
52.00           -0.02779           0.001290
60.00           -0.02127           0.001081
68.00           -0.01658           0.001000
76.00           -0.01308           0.000881
84.00           -0.01021           0.000768
92.00           -0.00793           0.000662
100.00          -0.00645           0.000606 
108.00          -0.00546           0.000557 
116.00          -0.00494           0.000538 
124.00          -0.00454           0.000548
132.00          -0.00403           0.000550
140.00          -0.00351           0.000519
148.00          -0.00304           0.000492
156.00          -0.00259           0.000463
164.00          -0.00220           0.000468
172.00          -0.00186           0.000461
180.00          -0.00160           0.000440
